00100000000100000000000000000000
00100000000100010000000000001111
00100000000100100000000000001010
00100000000010000000000000000000
00100000000010010000000000000000
00001000000000000000000000000011
00000001000100100000100000101010
00010000001000000000000000001000
10001110000010100000000000000000
00010001010100010000000000000100
00100001000010000000000000000001
00100001001010010000000000000100
00001000000000000000000000000010
00001000000000000000000001100100
00001000000000000000000001100100
00000000000000000000000000000000